59613
14453531
1683.01
14929
22123305
2978.1
56381
8706136
1743.92
22738
70509379
1682.35
14994
7225110
2033.79
24221
39594821
2648.67
10562
96541818
1603.68
24147
58533685
2956.32
61388
53048939
656.31
17199
66112154
425.82
40424
66943791
2384.34
54242
24120323
152.21
57477
62282502
230.28
16387
15350170
1156.41
43141
4779164
1622.23
47579
97652118
3246.43
34367
6084109
1624.85
38184
91810802
1221.45
42362
8478255
1380.46
20840
17789210
339.48
23551
33382411
591.51
61942
98371857
429.25
46736
40385966
3344.72
62795
44507458
948.57
14037
8570552
3019.32
60090
56798543
2408.79
56591
80224964
353.51
35363
92733862
1694.19
27204
8456369
2143.61
40604
90160859
2750.29
14637
7967224
2700.65
63969
21263430
782.55
47528
4240106
1703.04
29538
5626005
2031.35
50481
15541417
1871.5
17821
99669289
132.94
30866
38342426
2715.78
34866
27510638
3477.69
19883
82154606
850.99
30897
82563080
1083.12
49982
48555901
2751.55
55514
57450680
3350.99
24395
43321440
1284.3
29425
38911088
3416.08
18542
2232495
3570.5
10359
92335839
3507.33
24051
66236752
1101.75
33831
56761144
1878.4
14812
75947803
1532.16
53314
30083713
849.86
57349
76057229
3456.53
33485
37270387
2383.04
38762
2994297
1958.77
24804
48166667
1398.24
58624
30663036
121.11
37583
32860856
93.84
16885
75540206
2405.92
23200
27120652
321.62
45988
83726342
752.29
18412
38073204
1050.71
43898
69781081
996.6
16112
34338474
50.28
44272
67142083
338.6
37614
16999971
274.07
51669
10507519
904.87
58734
63274142
1417.36
26152
65505366
1830.52
27417
27135582
1373.21
29554
75015309
1330.09
35806
97502528
130.33
52106
15221422
3493.97
27599
80439552
2545.07
60568
69553720
2968.83
32440
35988480
1938.41
19124
92534084
259.66
20965
60234567
619.94
