20
26
0
0
56
56
16
124
124
186
186
313
56
56
56
40
40
68
68
130
390
0
0
0
224
224
64
496
496
496
496
496
224
224
224
160
160
160
160
272
816
0
0
0
896
896
256
1984
1984
2976
2976
5008
896
896
896
640
640
1088
1088
2080
6240
0
0
0
3584
3584
1024
7936
7936
7936
7936
7936
3584
3584
3584
2560
2560
2560
2560
4352
13056
0
0
0
14336
14336
4096
31744
31744
47616
47616
80128
14336
14336
14336
10240
10240
17408
17408
33280
99840
0
0
0
57344
57344
16384
126976
126976
126976
126976
126976
57344
57344
57344
40960
40960
40960
40960
69632
208896
0
0
0
229376
229376
65536
507904
507904
761856
761856
1282048
229376
229376
229376
163840
163840
278528
278528
532480
1597440
0
0
0
917504
917504
262144
2031616
2031616
2031616
2031616
2031616
917504
917504
917504
655360
655360
655360
655360
1114112
3342336
0
0
0
3670016
3670016
1048576
8126464
8126464
12189696
12189696
20512768
3670016
3670016
3670016
2621440
2621440
4456448
4456448
8519680
25559040
0
0
0
14680064
14680064
4194304
32505856
32505856
32505856
32505856
32505856
14680064
14680064
14680064
10485760
10485760
10485760
10485760
17825792
53477376
0
0
0
58720256
58720256
16777216
62914561
62914561
60817410
60817410
59768836
58720256
58720256
58720256
41943040
41943040
4194305
4194305
2097154
6291462
0
0
0
33554435
33554435
1
50331655
50331655
50331655
50331655
50331655
33554435
33554435
33554435
33554434
33554434
33554434
33554434
16777220
50331660
0

